Webots Project File version R2022a
perspectives: 000000ff00000000fd0000000300000000000002c400000534fc0100000001fb0000001e00480074006d006c0052006f0062006f007400570069006e0064006f00770000000000000002c40000006900ffffff00000001000003ab00000459fc0200000001fb0000001400540065007800740045006400690074006f00720100000016000004590000008900ffffff00000003000009c4000000d9fc0100000001fb0000001a0043006f006e0073006f006c00650041006c006c0041006c006c0100000000000009c40000006900ffffff000006170000045900000001000000020000000100000008fc00000000
simulationViewPerspectives: 000000ff000000010000000200000185000004900100000002010000000100
sceneTreePerspectives: 000000ff0000000100000002000000c0000000fa0100000002010000000200
maximizedDockId: -1
centralWidgetVisible: 1
orthographicViewHeight: 1
textFiles: 1 "controllers/test_e_puck/test_e_puck.py" "controllers/epuck_collisionavoidance_ck/epuck_collisionavoidance_ck.py"
globalOptionalRendering: DistanceSensorRays
consoles: Console:All:All
renderingDevicePerspectives: e-puck:camera;1;1;0.0519263;0.108159
